0110000000000000
0010000000000001
1110000000000110
0110001001000000
0010001001000001
1110001001000111
0010001001000001
1110001001000100
0110010010000000
0010010010001111
0110011011000000
0010011011001111
1110011011000100
0110100100000000
0110101101000000
0010101101000001
1110101101000100
0110110110000000
0010110110000101
0011110110000001
1000010001010000
0110111111000000
0010111111000001
1110111111001000
1101100111001101
0100100100000100
0000011011010110
0110111111000000
0010111111001111
1110111111000100
0110111111001111
0010101101000010
1001011101010000
0110111111000000
0010111111000001
1001110111001011
1101000000101000
0101000000001000
0000001001000101
0110101101000000
0010101101001111
1110101101000100
0110101101001111
1110101101001000
1001011101010000
1101000001000010